      subject    day_0    day_3
1      308 249.5600 321.4398
2      309 222.7339 204.7070
3      310 199.0539 232.8416
4      330 321.5426 285.1330
5      331 287.6079 320.1153
6      332 234.8606 309.7688
7      333 283.8424 299.8097
8      334 265.4731 254.6723
9      335 241.6083 270.8021
10     337 312.3666 346.1222
11     349 236.1032 254.9220
12     350 256.2968 255.5271
13     351 250.5265 280.5891
14     352 221.6771 346.8555
15     369 271.9235 277.6566
16     370 225.2640 240.4730
17     371 269.8804 281.7895
18     372 269.4117 310.6316